spawns: 
  default: 
    world: world
    x: -571.2496775976907
    y: 74.0
    z: 4.564253932875914
    yaw: -90.602905
    pitch: -7.8000026
